1.178634000000000015e+03
2.732205000000000155e+02
1.819875000000000114e+02
1.675803999999999974e+02
1.470768999999999949e+02
9.609211000000000524e+01
9.867685000000000173e+01
1.007648999999999972e+02
9.619673000000000229e+01
8.970211000000000467e+01
8.423381000000000540e+01
7.706740000000000634e+01
7.024369000000000085e+01
6.524689999999999657e+01
6.020083000000000339e+01
5.738645000000000351e+01
6.661070999999999742e+01
6.499012999999999352e+01
5.492486999999999853e+01
4.642005999999999943e+01
4.332339000000000340e+01
4.064101999999999748e+01
4.232099000000000188e+01
4.354901000000000266e+01
4.780561000000000149e+01
5.065567000000000064e+01
5.483740999999999843e+01
5.829120000000000346e+01
5.995105000000000217e+01
6.262998999999999938e+01
6.680957999999999686e+01
6.706511000000000422e+01
6.884510000000000218e+01
7.102975000000000705e+01
7.250038000000000693e+01
7.307968999999999937e+01
7.356995999999999469e+01
7.312090999999999497e+01
7.289851000000000170e+01
7.322942999999999358e+01
7.340349000000000501e+01
7.389495999999999754e+01
7.561642999999999404e+01
7.713308000000000675e+01
7.840643000000000029e+01
7.986460999999999899e+01
8.132090999999999781e+01
8.270873000000000275e+01
8.401994999999999436e+01
8.526045999999999481e+01
8.642566999999999666e+01
8.758378000000000441e+01
8.911024000000000456e+01
9.147928000000000281e+01
9.420940000000000225e+01
9.757613000000000625e+01
1.020815999999999946e+02
1.051936000000000035e+02
1.113817999999999984e+02
1.170883000000000038e+02
1.000000000000000000e+00
1.000000000000000000e+00
1.000000000000000000e+00
1.000000000000000000e+00
1.000000000000000000e+00
1.000000000000000000e+00
1.000000000000000000e+00
1.000000000000000000e+00
1.000000000000000000e+00
1.000000000000000000e+00
1.000000000000000000e+00
1.000000000000000000e+00
1.000000000000000000e+00
1.000000000000000000e+00
1.000000000000000000e+00
1.000000000000000000e+00
1.000000000000000000e+00
1.000000000000000000e+00
1.000000000000000000e+00
1.000000000000000000e+00
1.000000000000000000e+00
1.000000000000000000e+00
1.000000000000000000e+00
1.000000000000000000e+00
1.000000000000000000e+00
1.000000000000000000e+00
1.000000000000000000e+00
1.000000000000000000e+00
1.000000000000000000e+00
1.000000000000000000e+00
1.000000000000000000e+00
1.000000000000000000e+00
1.000000000000000000e+00
1.000000000000000000e+00
1.000000000000000000e+00
1.000000000000000000e+00
1.000000000000000000e+00
1.000000000000000000e+00
1.000000000000000000e+00
1.000000000000000000e+00
1.000000000000000000e+00
1.000000000000000000e+00
1.000000000000000000e+00
1.000000000000000000e+00
1.000000000000000000e+00
1.000000000000000000e+00
1.000000000000000000e+00
1.000000000000000000e+00
1.000000000000000000e+00
1.000000000000000000e+00
1.000000000000000000e+00
1.000000000000000000e+00
1.000000000000000000e+00
1.000000000000000000e+00
1.000000000000000000e+00
1.000000000000000000e+00
1.000000000000000000e+00
1.000000000000000000e+00
1.000000000000000000e+00
1.000000000000000000e+00
1.000000000000000000e+00
1.000000000000000000e+00
1.000000000000000000e+00
1.000000000000000000e+00
1.000000000000000000e+00
1.000000000000000000e+00
1.000000000000000000e+00
1.000000000000000000e+00
1.000000000000000000e+00
1.000000000000000000e+00
1.000000000000000000e+00
1.000000000000000000e+00
1.000000000000000000e+00
1.000000000000000000e+00
1.000000000000000000e+00
1.000000000000000000e+00
1.000000000000000000e+00
1.000000000000000000e+00
1.000000000000000000e+00
1.000000000000000000e+00
1.000000000000000000e+00
1.000000000000000000e+00
1.000000000000000000e+00
1.000000000000000000e+00
1.000000000000000000e+00
1.000000000000000000e+00
1.000000000000000000e+00
1.000000000000000000e+00
1.000000000000000000e+00
1.000000000000000000e+00
1.000000000000000000e+00
1.000000000000000000e+00
1.000000000000000000e+00
1.000000000000000000e+00
1.000000000000000000e+00
1.000000000000000000e+00
1.000000000000000000e+00
1.000000000000000000e+00
1.000000000000000000e+00
1.000000000000000000e+00
1.000000000000000000e+00
1.000000000000000000e+00
1.000000000000000000e+00
1.000000000000000000e+00
1.000000000000000000e+00
1.000000000000000000e+00
1.000000000000000000e+00
1.000000000000000000e+00
1.000000000000000000e+00
1.000000000000000000e+00
1.000000000000000000e+00
1.000000000000000000e+00
1.000000000000000000e+00
1.000000000000000000e+00
1.000000000000000000e+00
1.000000000000000000e+00
1.000000000000000000e+00
1.000000000000000000e+00
1.000000000000000000e+00
1.000000000000000000e+00
1.000000000000000000e+00
1.000000000000000000e+00
1.000000000000000000e+00
1.000000000000000000e+00
1.000000000000000000e+00
1.000000000000000000e+00
1.000000000000000000e+00
1.000000000000000000e+00
1.000000000000000000e+00
1.000000000000000000e+00
1.000000000000000000e+00
1.000000000000000000e+00
1.000000000000000000e+00
1.000000000000000000e+00
1.000000000000000000e+00
1.000000000000000000e+00
1.000000000000000000e+00
1.000000000000000000e+00
1.000000000000000000e+00
1.000000000000000000e+00
1.000000000000000000e+00
1.000000000000000000e+00
1.000000000000000000e+00
1.000000000000000000e+00
1.000000000000000000e+00
1.000000000000000000e+00
1.000000000000000000e+00
1.000000000000000000e+00
1.000000000000000000e+00
1.000000000000000000e+00
1.000000000000000000e+00
1.000000000000000000e+00
1.000000000000000000e+00
1.000000000000000000e+00
1.000000000000000000e+00
1.000000000000000000e+00
1.000000000000000000e+00
1.000000000000000000e+00
1.000000000000000000e+00
1.000000000000000000e+00
1.000000000000000000e+00
1.000000000000000000e+00
1.000000000000000000e+00
1.000000000000000000e+00
1.000000000000000000e+00
1.000000000000000000e+00
1.000000000000000000e+00
1.000000000000000000e+00
1.000000000000000000e+00
1.000000000000000000e+00
1.000000000000000000e+00
1.000000000000000000e+00
1.000000000000000000e+00
1.000000000000000000e+00
1.000000000000000000e+00
1.000000000000000000e+00
1.000000000000000000e+00
1.000000000000000000e+00
1.000000000000000000e+00
1.000000000000000000e+00
1.000000000000000000e+00
1.000000000000000000e+00
1.000000000000000000e+00
1.000000000000000000e+00
1.000000000000000000e+00
1.000000000000000000e+00
1.000000000000000000e+00
1.000000000000000000e+00
1.000000000000000000e+00
1.000000000000000000e+00
1.000000000000000000e+00
1.000000000000000000e+00
1.000000000000000000e+00
1.000000000000000000e+00
1.000000000000000000e+00
1.000000000000000000e+00
1.000000000000000000e+00
1.000000000000000000e+00
1.000000000000000000e+00
1.000000000000000000e+00
1.000000000000000000e+00
1.000000000000000000e+00
1.000000000000000000e+00
1.000000000000000000e+00
1.000000000000000000e+00
1.000000000000000000e+00
1.000000000000000000e+00
1.000000000000000000e+00
1.000000000000000000e+00
1.000000000000000000e+00
1.000000000000000000e+00
1.000000000000000000e+00
1.000000000000000000e+00
1.000000000000000000e+00
1.000000000000000000e+00
1.000000000000000000e+00
1.000000000000000000e+00
1.000000000000000000e+00
1.000000000000000000e+00
1.000000000000000000e+00
1.000000000000000000e+00
1.000000000000000000e+00
1.000000000000000000e+00
1.000000000000000000e+00
1.000000000000000000e+00
1.000000000000000000e+00
1.000000000000000000e+00
1.000000000000000000e+00
1.000000000000000000e+00
1.000000000000000000e+00
1.000000000000000000e+00
1.000000000000000000e+00
1.000000000000000000e+00
1.000000000000000000e+00
1.000000000000000000e+00
1.000000000000000000e+00
1.000000000000000000e+00
1.000000000000000000e+00
1.000000000000000000e+00
1.000000000000000000e+00
4.234907000000000039e+02
3.309159000000000219e+02
2.986426999999999907e+02
2.850815999999999804e+02
2.788947999999999752e+02
2.542940999999999860e+02
2.224217999999999904e+02
1.980663000000000125e+02
1.812701000000000136e+02
1.653238000000000056e+02
1.533122999999999934e+02
1.412109000000000094e+02
1.292369999999999948e+02
1.194934999999999974e+02
1.183169000000000040e+02
1.142530000000000001e+02
1.312789999999999964e+02
1.372915999999999883e+02
1.532370999999999981e+02
1.550418999999999983e+02
1.484605999999999995e+02
1.440066999999999950e+02
1.401589999999999918e+02
1.361289999999999907e+02
1.336887999999999863e+02
1.290729000000000042e+02
1.246233000000000004e+02
1.185113999999999947e+02
1.133122999999999934e+02
1.085808999999999997e+02
1.047749000000000024e+02
1.024673999999999978e+02
9.580819999999999936e+01
8.253615999999999531e+01
7.611660000000000537e+01
7.286656999999999584e+01
6.785441000000000145e+01
6.679236000000000217e+01
6.417313000000000045e+01
6.268652000000000157e+01
6.120949000000000240e+01
6.136283000000000243e+01
6.191611000000000331e+01
6.206958999999999804e+01
6.263461000000000212e+01
6.365863999999999834e+01
6.488867000000000473e+01
6.553417000000000314e+01
6.531807999999999481e+01
6.512529999999999575e+01
6.436601000000000283e+01
6.262261999999999773e+01
6.104699999999999704e+01
6.082126000000000232e+01
6.364365999999999701e+01
6.332052999999999798e+01
6.048962000000000216e+01
5.252385999999999910e+01
4.825086000000000297e+01
4.532495999999999725e+01
4.112072000000000003e+02
3.407484000000000037e+02
2.582971000000000004e+02
2.392036999999999978e+02
2.436297000000000139e+02
2.415321000000000140e+02
2.261760999999999910e+02
1.994127000000000010e+02
1.664251999999999896e+02
1.512203000000000088e+02
1.371819000000000131e+02
1.238794000000000040e+02
1.134282000000000039e+02
1.066450999999999993e+02
9.969480000000000075e+01
9.163871000000000322e+01
8.401949999999999363e+01
8.904793999999999699e+01
9.986439000000000021e+01
1.055579000000000036e+02
1.051865999999999985e+02
1.061740999999999957e+02
1.087451999999999970e+02
1.122334000000000032e+02
1.123776000000000010e+02
1.114269000000000034e+02
1.116020999999999930e+02
1.092618999999999971e+02
1.046979999999999933e+02
9.768106000000000222e+01
9.088790000000000191e+01
8.506403000000000247e+01
7.985866000000000042e+01
7.457621000000000322e+01
6.987878000000000611e+01
6.563439999999999941e+01
6.137910000000000110e+01
5.812416000000000338e+01
5.489164999999999850e+01
5.241530000000000200e+01
5.095633999999999730e+01
5.077421999999999969e+01
5.079012000000000171e+01
5.074145999999999646e+01
5.176979999999999649e+01
5.405275999999999925e+01
5.811437999999999704e+01
6.170714999999999861e+01
6.449730999999999881e+01
6.712033999999999878e+01
6.886047999999999547e+01
7.083665999999999485e+01
7.193693000000000382e+01
7.396394999999999698e+01
7.423467999999999734e+01
7.076895000000000380e+01
6.558387000000000455e+01
6.116902000000000328e+01
5.718768000000000029e+01
5.141512000000000171e+01
3.223519999999999928e-05
4.439826000000000205e-05
5.292067000000000098e-05
6.889195000000000030e-05
9.137130999999999780e-05
1.103144000000000021e-04
1.034806000000000067e-04
7.881131999999999678e-05
5.027613000000000004e-05
3.871278999999999904e-05
2.950717999999999961e-05
2.266419999999999893e-05
1.671949000000000075e-05
1.258919000000000067e-05
9.314519000000000664e-06
7.370707000000000410e-06
6.649189999999999945e-06
7.779057000000000490e-06
1.105072000000000048e-05
1.373675999999999924e-05
1.509040000000000040e-05
1.601712000000000090e-05
1.765831000000000068e-05
2.015871000000000134e-05
2.324885000000000018e-05
2.707583999999999859e-05
3.180552000000000037e-05
3.724076000000000155e-05
4.292744000000000112e-05
4.889898999999999987e-05
5.444168999999999680e-05
5.852201000000000045e-05
6.126770000000000295e-05
6.307117000000000485e-05
6.423653999999999671e-05
6.460029000000000487e-05
6.412087999999999653e-05
6.334866999999999668e-05
6.256201000000000242e-05
6.194263000000000091e-05
6.138124000000000390e-05
6.101758000000000203e-05
6.091118999999999982e-05
6.118658000000000668e-05
6.159745000000000433e-05
6.170727000000000254e-05
6.116945000000000097e-05
6.009979000000000281e-05
5.880286000000000302e-05
5.736315000000000321e-05
5.587575000000000115e-05
5.425306000000000128e-05
5.253366999999999943e-05
5.077058999999999733e-05
4.901011000000000094e-05
4.769973000000000214e-05
4.722686999999999800e-05
4.746169999999999995e-05
5.143701000000000306e-05
7.307277999999999463e-05
9.999999999999999799e-13
9.999999999999999799e-13
9.999999999999999799e-13
9.999999999999999799e-13
9.999999999999999799e-13
9.999999999999999799e-13
9.999999999999999799e-13
9.999999999999999799e-13
9.999999999999999799e-13
9.999999999999999799e-13
9.999999999999999799e-13
9.999999999999999799e-13
1.147164999999999989e-12
9.999999999999999799e-13
7.374967000000000719e-12
3.142387999999999716e-11
2.834656999999999843e-11
2.165958999999999859e-11
4.005176000000000139e-11
8.796507000000000496e-11
1.854580000000000073e-10
4.078457000000000178e-10
8.831113999999999951e-10
1.719448999999999984e-09
3.027584000000000037e-09
4.817047000000000313e-09
6.918449000000000332e-09
9.109851000000000660e-09
1.128471999999999988e-08
1.355502999999999925e-08
1.573001999999999900e-08
1.747620000000000134e-08
1.886863999999999948e-08
2.014200999999999919e-08
2.149357999999999889e-08
2.318155000000000087e-08
2.517127000000000090e-08
2.750994000000000023e-08
3.021421999999999909e-08
3.342267000000000159e-08
3.711231999999999784e-08
4.098482999999999815e-08
4.491589000000000132e-08
4.863538000000000044e-08
5.205165999999999932e-08
5.496504999999999891e-08
5.705836999999999929e-08
5.824130999999999810e-08
5.881129999999999935e-08
5.882995999999999854e-08
5.857094999999999945e-08
5.800871000000000037e-08
5.731880000000000104e-08
5.636247999999999953e-08
5.455535000000000021e-08
5.157396999999999949e-08
4.877601999999999924e-08
4.452151999999999909e-08
4.268008999999999794e-08
3.814708999999999963e-08
2.999999999999999980e-10
2.999999999999999980e-10
2.999999999999999980e-10
2.999999999999999980e-10
2.999999999999999980e-10
2.999999999999999980e-10
2.999999999999999980e-10
2.999999999999999980e-10
2.999999999999999980e-10
2.999999999999999980e-10
2.999999999999999980e-10
2.999999999999999980e-10
2.999999999999999980e-10
2.999999999999999980e-10
2.999999999999999980e-10
2.999999999999999980e-10
2.999999999999999980e-10
2.999999999999999980e-10
2.999999999999999980e-10
2.999999999999999980e-10
2.999999999999999980e-10
2.999999999999999980e-10
2.999999999999999980e-10
2.999999999999999980e-10
2.999999999999999980e-10
2.999999999999999980e-10
2.999999999999999980e-10
2.999999999999999980e-10
2.999999999999999980e-10
3.327522220670077991e-10
6.963962685036726900e-10
1.130248071541783376e-09
1.788749006560620842e-09
2.598180426073006642e-09
3.483517168273997478e-09
4.488459930369845610e-09
5.529437016402068992e-09
6.460579371674402491e-09
7.221337869028595100e-09
7.875359578971296866e-09
8.490091412976278011e-09
9.022598044358700234e-09
9.504145675584651226e-09
9.977144499493388610e-09
1.046952607936312412e-08
1.094175074938932111e-08
1.125286282832432765e-08
1.126552124848902906e-08
1.094257242819848133e-08
1.034983689004928291e-08
9.559987689981306170e-09
8.626920145368875765e-09
7.580006169936306955e-09
6.478668395633453992e-09
5.456104862533669463e-09
4.644822497721775087e-09
4.042799250714184336e-09
3.746140349245479924e-09
3.582309005563404112e-09
2.698727501140121107e-09
2.999999999999999980e-10
2.999999999999999980e-10
2.999999999999999980e-10
2.999999999999999980e-10
2.999999999999999980e-10
2.999999999999999980e-10
2.999999999999999980e-10
2.999999999999999980e-10
2.999999999999999980e-10
2.999999999999999980e-10
2.999999999999999980e-10
2.999999999999999980e-10
2.999999999999999980e-10
2.999999999999999980e-10
2.999999999999999980e-10
2.999999999999999980e-10
2.999999999999999980e-10
9.040423448930464936e-10
1.381778792110733464e-09
2.603571577762330387e-09
3.463045853418960262e-09
4.369805949077908457e-09
5.184997903616136614e-09
5.818976505117767092e-09
6.256417750609436791e-09
6.478483416569053427e-09
6.540867774920186263e-09
6.535468165044382757e-09
6.516552175430701852e-09
6.500362690675077264e-09
6.455536388168118029e-09
6.116880811526250971e-09
5.543073640065714589e-09
4.982403532193756902e-09
4.524972956382371387e-09
4.144686866732016195e-09
3.806018317461880680e-09
3.518894023402878511e-09
3.278962068823401686e-09
3.054444416584348629e-09
2.853360271662068399e-09
2.667551126739540048e-09
2.505140834623523626e-09
2.357028421297578033e-09
2.217291135388518970e-09
2.084104715361826464e-09
1.964755940148013067e-09
1.858430288741048904e-09
1.762773798545194108e-09
1.681368547123805028e-09
1.613900811696088837e-09
1.556186698943969699e-09
1.503895236814880915e-09
1.451465920325631617e-09
1.393196182088200550e-09
1.344460301064730775e-09
1.312789869630707503e-09
1.293245670830442807e-09
1.243284904838639090e-09
1.294288569510971777e-09
1.999999999999999909e-07
1.999999999999999909e-07
1.999999999999999909e-07
1.999999999999999909e-07
1.999999999999999909e-07
1.999999999999999909e-07
1.999999999999999909e-07
1.999999999999999909e-07
1.999999999999999909e-07
1.999999999999999909e-07
1.999999999999999909e-07
1.999999999999999909e-07
2.168291999999999998e-07
5.006997000000000005e-07
1.104183999999999930e-06
2.301814999999999916e-06
4.811305999999999739e-06
9.556303999999999569e-06
1.677167999999999931e-05
2.384348999999999895e-05
2.089867999999999893e-05
1.935377999999999955e-05
1.774214000000000018e-05
1.657982000000000146e-05
1.532798999999999891e-05
1.390595999999999925e-05
1.270012999999999931e-05
1.197940999999999988e-05
1.151570000000000055e-05
1.103737000000000000e-05
1.061776999999999982e-05
1.023313000000000074e-05
9.807467999999999660e-06
9.570757000000000632e-06
9.459086000000000664e-06
9.611880999999999935e-06
1.003617999999999917e-05
1.060853000000000056e-05
1.117793999999999957e-05
1.162423000000000000e-05
1.206933999999999920e-05
1.264544999999999935e-05
1.334287999999999921e-05
1.419498999999999976e-05
1.529030999999999896e-05
1.666554000000000104e-05
1.826023000000000050e-05
1.986657999999999911e-05
2.163475999999999884e-05
2.381940000000000102e-05
2.655442999999999980e-05
2.957283999999999857e-05
3.141735999999999899e-05
3.130978000000000163e-05
3.178699999999999907e-05
3.319862999999999964e-05
3.710694999999999884e-05
3.601347000000000131e-05
3.349443999999999843e-05
5.226756999999999871e-05
3.223519999999999928e-05
4.439826000000000205e-05
5.292067000000000098e-05
6.889195000000000030e-05
9.137130999999999780e-05
1.103144000000000021e-04
1.034806000000000067e-04
7.881131999999999678e-05
5.027613000000000004e-05
3.871278999999999904e-05
2.950717999999999961e-05
2.266419999999999893e-05
1.671949000000000075e-05
1.258919000000000067e-05
9.314519000000000664e-06
7.370707000000000410e-06
6.649189999999999945e-06
7.779057000000000490e-06
1.105072000000000048e-05
1.373675999999999924e-05
1.509040000000000040e-05
1.601712000000000090e-05
1.765831000000000068e-05
2.015871000000000134e-05
2.324885000000000018e-05
2.707583999999999859e-05
3.180552000000000037e-05
3.724076000000000155e-05
4.292744000000000112e-05
4.889898999999999987e-05
5.444168999999999680e-05
5.852201000000000045e-05
6.126770000000000295e-05
6.307117000000000485e-05
6.423653999999999671e-05
6.460029000000000487e-05
6.412087999999999653e-05
6.334866999999999668e-05
6.256201000000000242e-05
6.194263000000000091e-05
6.138124000000000390e-05
6.101758000000000203e-05
6.091118999999999982e-05
6.118658000000000668e-05
6.159745000000000433e-05
6.170727000000000254e-05
6.116945000000000097e-05
6.009979000000000281e-05
5.880286000000000302e-05
5.736315000000000321e-05
5.587575000000000115e-05
5.425306000000000128e-05
5.253366999999999943e-05
5.077058999999999733e-05
4.901011000000000094e-05
4.769973000000000214e-05
4.722686999999999800e-05
4.746169999999999995e-05
5.143701000000000306e-05
7.307277999999999463e-05
9.999999999999999799e-13
9.999999999999999799e-13
9.999999999999999799e-13
9.999999999999999799e-13
9.999999999999999799e-13
9.999999999999999799e-13
9.999999999999999799e-13
9.999999999999999799e-13
9.999999999999999799e-13
9.999999999999999799e-13
9.999999999999999799e-13
9.999999999999999799e-13
1.147164999999999989e-12
9.999999999999999799e-13
7.374967000000000719e-12
3.142387999999999716e-11
2.834656999999999843e-11
2.165958999999999859e-11
4.005176000000000139e-11
8.796507000000000496e-11
1.854580000000000073e-10
4.078457000000000178e-10
8.831113999999999951e-10
1.719448999999999984e-09
3.027584000000000037e-09
4.817047000000000313e-09
6.918449000000000332e-09
9.109851000000000660e-09
1.128471999999999988e-08
1.355502999999999925e-08
1.573001999999999900e-08
1.747620000000000134e-08
1.886863999999999948e-08
2.014200999999999919e-08
2.149357999999999889e-08
2.318155000000000087e-08
2.517127000000000090e-08
2.750994000000000023e-08
3.021421999999999909e-08
3.342267000000000159e-08
3.711231999999999784e-08
4.098482999999999815e-08
4.491589000000000132e-08
4.863538000000000044e-08
5.205165999999999932e-08
5.496504999999999891e-08
5.705836999999999929e-08
5.824130999999999810e-08
5.881129999999999935e-08
5.882995999999999854e-08
5.857094999999999945e-08
5.800871000000000037e-08
5.731880000000000104e-08
5.636247999999999953e-08
5.455535000000000021e-08
5.157396999999999949e-08
4.877601999999999924e-08
4.452151999999999909e-08
4.268008999999999794e-08
3.814708999999999963e-08
2.999999999999999980e-10
2.999999999999999980e-10
2.999999999999999980e-10
2.999999999999999980e-10
2.999999999999999980e-10
2.999999999999999980e-10
2.999999999999999980e-10
2.999999999999999980e-10
2.999999999999999980e-10
2.999999999999999980e-10
2.999999999999999980e-10
2.999999999999999980e-10
2.999999999999999980e-10
2.999999999999999980e-10
2.999999999999999980e-10
2.999999999999999980e-10
2.999999999999999980e-10
2.999999999999999980e-10
2.999999999999999980e-10
2.999999999999999980e-10
2.999999999999999980e-10
2.999999999999999980e-10
2.999999999999999980e-10
2.999999999999999980e-10
2.999999999999999980e-10
2.999999999999999980e-10
2.999999999999999980e-10
2.999999999999999980e-10
2.999999999999999980e-10
3.327522220670077991e-10
6.963962685036726900e-10
1.130248071541783376e-09
1.788749006560620842e-09
2.598180426073006642e-09
3.483517168273997478e-09
4.488459930369845610e-09
5.529437016402068992e-09
6.460579371674402491e-09
7.221337869028595100e-09
7.875359578971296866e-09
8.490091412976278011e-09
9.022598044358700234e-09
9.504145675584651226e-09
9.977144499493388610e-09
1.046952607936312412e-08
1.094175074938932111e-08
1.125286282832432765e-08
1.126552124848902906e-08
1.094257242819848133e-08
1.034983689004928291e-08
9.559987689981306170e-09
8.626920145368875765e-09
7.580006169936306955e-09
6.478668395633453992e-09
5.456104862533669463e-09
4.644822497721775087e-09
4.042799250714184336e-09
3.746140349245479924e-09
3.582309005563404112e-09
2.698727501140121107e-09
2.999999999999999980e-10
2.999999999999999980e-10
2.999999999999999980e-10
2.999999999999999980e-10
2.999999999999999980e-10
2.999999999999999980e-10
2.999999999999999980e-10
2.999999999999999980e-10
2.999999999999999980e-10
2.999999999999999980e-10
2.999999999999999980e-10
2.999999999999999980e-10
2.999999999999999980e-10
2.999999999999999980e-10
2.999999999999999980e-10
2.999999999999999980e-10
2.999999999999999980e-10
9.040423448930464936e-10
1.381778792110733464e-09
2.603571577762330387e-09
3.463045853418960262e-09
4.369805949077908457e-09
5.184997903616136614e-09
5.818976505117767092e-09
6.256417750609436791e-09
6.478483416569053427e-09
6.540867774920186263e-09
6.535468165044382757e-09
6.516552175430701852e-09
6.500362690675077264e-09
6.455536388168118029e-09
6.116880811526250971e-09
5.543073640065714589e-09
4.982403532193756902e-09
4.524972956382371387e-09
4.144686866732016195e-09
3.806018317461880680e-09
3.518894023402878511e-09
3.278962068823401686e-09
3.054444416584348629e-09
2.853360271662068399e-09
2.667551126739540048e-09
2.505140834623523626e-09
2.357028421297578033e-09
2.217291135388518970e-09
2.084104715361826464e-09
1.964755940148013067e-09
1.858430288741048904e-09
1.762773798545194108e-09
1.681368547123805028e-09
1.613900811696088837e-09
1.556186698943969699e-09
1.503895236814880915e-09
1.451465920325631617e-09
1.393196182088200550e-09
1.344460301064730775e-09
1.312789869630707503e-09
1.293245670830442807e-09
1.243284904838639090e-09
1.294288569510971777e-09
1.999999999999999909e-07
1.999999999999999909e-07
1.999999999999999909e-07
1.999999999999999909e-07
1.999999999999999909e-07
1.999999999999999909e-07
1.999999999999999909e-07
1.999999999999999909e-07
1.999999999999999909e-07
1.999999999999999909e-07
1.999999999999999909e-07
1.999999999999999909e-07
2.168291999999999998e-07
5.006997000000000005e-07
1.104183999999999930e-06
2.301814999999999916e-06
4.811305999999999739e-06
9.556303999999999569e-06
1.677167999999999931e-05
2.384348999999999895e-05
2.089867999999999893e-05
1.935377999999999955e-05
1.774214000000000018e-05
1.657982000000000146e-05
1.532798999999999891e-05
1.390595999999999925e-05
1.270012999999999931e-05
1.197940999999999988e-05
1.151570000000000055e-05
1.103737000000000000e-05
1.061776999999999982e-05
1.023313000000000074e-05
9.807467999999999660e-06
9.570757000000000632e-06
9.459086000000000664e-06
9.611880999999999935e-06
1.003617999999999917e-05
1.060853000000000056e-05
1.117793999999999957e-05
1.162423000000000000e-05
1.206933999999999920e-05
1.264544999999999935e-05
1.334287999999999921e-05
1.419498999999999976e-05
1.529030999999999896e-05
1.666554000000000104e-05
1.826023000000000050e-05
1.986657999999999911e-05
2.163475999999999884e-05
2.381940000000000102e-05
2.655442999999999980e-05
2.957283999999999857e-05
3.141735999999999899e-05
3.130978000000000163e-05
3.178699999999999907e-05
3.319862999999999964e-05
3.710694999999999884e-05
3.601347000000000131e-05
3.349443999999999843e-05
5.226756999999999871e-05
0.000000000000000000e+00
0.000000000000000000e+00
0.000000000000000000e+00
0.000000000000000000e+00
0.000000000000000000e+00
0.000000000000000000e+00
0.000000000000000000e+00
0.000000000000000000e+00
0.000000000000000000e+00
0.000000000000000000e+00
0.000000000000000000e+00
0.000000000000000000e+00
0.000000000000000000e+00
0.000000000000000000e+00
0.000000000000000000e+00
0.000000000000000000e+00
0.000000000000000000e+00
0.000000000000000000e+00
0.000000000000000000e+00
0.000000000000000000e+00
0.000000000000000000e+00
0.000000000000000000e+00
2.975159868015543907e+01
5.541944651316189265e+02
1.554317503479920560e+03
2.570751532355134259e+03
3.596450180273368460e+03
4.631065681293606758e+03
5.679813090816318436e+03
6.750461162351581152e+03
7.850225607081833004e+03
8.983952367544843582e+03
1.015386915813083033e+04
1.136015675115921476e+04
1.260122824700730416e+04
1.387303480818249955e+04
1.516763074196030357e+04
1.647205798987382150e+04
1.776880118237419811e+04
1.903839033081196976e+04
2.026347517326110392e+04
2.143261174380041484e+04
2.254188006713636423e+04
2.359351651692203450e+04
2.459237492642534198e+04
2.554217784399278753e+04
2.644348692551995191e+04
2.729421685974588036e+04
2.809207765671626839e+04
2.883739399828338355e+04
2.953477006804078701e+04
3.019289787603764125e+04
3.082285233379669808e+04
3.143585720576567837e+04
3.204149130532042909e+04
3.264682776358106639e+04
3.325645720667805290e+04
3.387303230188337329e+04
3.449794412195371115e+04
3.513188584602857009e+04
3.545116999999999825e+04
1.093223999999999933e+03
8.717445000000000164e+02
2.814135999999999971e+00
2.258332999999999924e+00
9.996589000000000169e-01
9.908430999999999766e-01
9.908430999999999766e-01
9.908430999999999766e-01
9.908430999999999766e-01
3.545116999999999825e+04
1.093223999999999933e+03
8.717445000000000164e+02
9.996589000000000169e-01
1.000000000000000000e+00
1.000000000000000000e+00
