3.102198833987332546e+04
2.252340481919057129e+04
1.889620855626152115e+04
1.451548327238726233e+04
1.094435397120572816e+04
9.065002420790875476e+03
9.663650281553695095e+03
1.268853320700285803e+04
1.989015375137535375e+04
2.583125295130350423e+04
3.389005926422135235e+04
4.412245081092340843e+04
5.981042108023319452e+04
7.943320309784292476e+04
1.073592748088381486e+05
1.356721891295806854e+05
1.503942652348304109e+05
1.285502901046643092e+05
9.049185801310899842e+04
7.279735195791861042e+04
6.626728747947719239e+04
6.243318178344298940e+04
5.663056241863896139e+04
4.960634279700996558e+04
4.301288280833879980e+04
3.693328909374512295e+04
3.144108097926656046e+04
2.685229868091285607e+04
2.329512142125264290e+04
2.045032085401679433e+04
1.836827455827125232e+04
1.708758873191270686e+04
1.632181509868827561e+04
1.585510514951444020e+04
1.556746293961534684e+04
1.547980579363360084e+04
1.559554397928455182e+04
1.578565099443866893e+04
1.598414236481280022e+04
1.614397166675170774e+04
1.629162325488602073e+04
1.638871980879512921e+04
1.641734473102500124e+04
1.634345373551133889e+04
1.623443745420162486e+04
1.620554540984377672e+04
1.634803091720006887e+04
1.663899264701504217e+04
1.700597572914511693e+04
1.743279450658101996e+04
1.789685087223524170e+04
1.843214017320102357e+04
1.903541240142735114e+04
1.969644260270336235e+04
2.040395473042689628e+04
2.096447859951471401e+04
2.117438818236430234e+04
2.106962029330655423e+04
1.944125411087847533e+04
1.368498602918850156e+04
3.333333333333333492e+09
3.333333333333333492e+09
3.333333333333333492e+09
3.333333333333333492e+09
3.333333333333333492e+09
3.333333333333333492e+09
3.333333333333333492e+09
3.333333333333333492e+09
3.333333333333333492e+09
3.333333333333333492e+09
3.333333333333333492e+09
3.333333333333333492e+09
3.333333333333333492e+09
3.333333333333333492e+09
3.333333333333333492e+09
3.333333333333333492e+09
3.333333333333333492e+09
3.333333333333333492e+09
3.333333333333333492e+09
3.333333333333333492e+09
3.333333333333333492e+09
2.451907479640393734e+09
1.132360015923243999e+09
5.815817450314189196e+08
3.302963717178888321e+08
2.075960815367819071e+08
1.445410742007110119e+08
1.097712817179994881e+08
8.861539526820340753e+07
7.377335076463578641e+07
6.357270527016006410e+07
5.722067273153088242e+07
5.299798441454536468e+07
4.964748786974567175e+07
4.652552921902979910e+07
4.313775004190894961e+07
3.972783526364493370e+07
3.635049267170746624e+07
3.309700399105217680e+07
2.991981352368107811e+07
2.694522898027913272e+07
2.439927262043838575e+07
2.226383655178410560e+07
2.056116216125427932e+07
1.921168165496110916e+07
1.819337958926436305e+07
1.752591119754804298e+07
1.716994206925437227e+07
1.700353598955256864e+07
1.699814106530603766e+07
1.707331007751242444e+07
1.723879167535489798e+07
1.744628199005800858e+07
1.774229825684651732e+07
1.833000848299263418e+07
1.938962795028145611e+07
2.050187729142311588e+07
2.246104923520116508e+07
2.343013065346307680e+07
2.621431676109219342e+07
3.333333333333333492e+09
3.333333333333333492e+09
3.333333333333333492e+09
3.333333333333333492e+09
3.333333333333333492e+09
3.333333333333333492e+09
3.333333333333333492e+09
3.333333333333333492e+09
3.333333333333333492e+09
3.333333333333333492e+09
3.333333333333333492e+09
3.333333333333333492e+09
3.333333333333333492e+09
3.333333333333333492e+09
3.333333333333333492e+09
3.333333333333333492e+09
3.333333333333333492e+09
3.333333333333333492e+09
3.333333333333333492e+09
3.333333333333333492e+09
3.333333333333333492e+09
3.333333333333333492e+09
3.333333333333333492e+09
3.333333333333333492e+09
3.333333333333333492e+09
3.333333333333333492e+09
3.333333333333333492e+09
3.333333333333333492e+09
3.333333333333333492e+09
3.005239134957979679e+09
1.435964041204115391e+09
8.847615184477947950e+08
5.590499261396011114e+08
3.848847408612957001e+08
2.870661896279606819e+08
2.227935673957549930e+08
1.808502379236225784e+08
1.547848795704568326e+08
1.384784950014419854e+08
1.269783290492779016e+08
1.177843619529935122e+08
1.108328216644030958e+08
1.052172424680858701e+08
1.002290785756162256e+08
9.551530722781592607e+07
9.139305243777480721e+07
8.886627476546879113e+07
8.876642082887406647e+07
9.138618972473494709e+07
9.661988016076244414e+07
1.046026451527737677e+08
1.159162230725900978e+08
1.319260139874533564e+08
1.543527062866789401e+08
1.832809348784448802e+08
2.152934801040270030e+08
2.473533653256080151e+08
2.669414135008082688e+08
2.791495648328991532e+08
3.705450067031717300e+08
3.333333333333333492e+09
3.333333333333333492e+09
3.333333333333333492e+09
3.333333333333333492e+09
3.333333333333333492e+09
3.333333333333333492e+09
3.333333333333333492e+09
3.333333333333333492e+09
3.333333333333333492e+09
3.333333333333333492e+09
3.333333333333333492e+09
3.333333333333333492e+09
3.333333333333333492e+09
3.333333333333333492e+09
3.333333333333333492e+09
3.333333333333333492e+09
3.333333333333333492e+09
1.106142876657294035e+09
7.237048402461380959e+08
3.840877694860463738e+08
2.887631415601183176e+08
2.288431137796895206e+08
1.928641088364909589e+08
1.718515273468631208e+08
1.598358741154377162e+08
1.543571134939465523e+08
1.528849128909661174e+08
1.530112265481762886e+08
1.534553814776916802e+08
1.538375699304476380e+08
1.549057955637624562e+08
1.634820149046660066e+08
1.804053247230799496e+08
2.007063445460627079e+08
2.209957959173043668e+08
2.412727504281826317e+08
2.627417727896984816e+08
2.841801979114362001e+08
3.049745556705486774e+08
3.273917818148598671e+08
3.504639809881087542e+08
3.748756640410739183e+08
3.991791543928433657e+08
4.242630215928773880e+08
4.510007657721400857e+08
4.798223393618624210e+08
5.089690681503505111e+08
5.380885180672701597e+08
5.672877602476810217e+08
5.947536021835470200e+08
6.196167650161070824e+08
6.425964189763357639e+08
6.649399343254207373e+08
6.889586493189266920e+08
7.177740025824245214e+08
7.437928804651657343e+08
7.617365300673012733e+08
7.732482872785196304e+08
8.043208729617657661e+08
7.726252271375892162e+08
1.000000000000000000e+06
1.000000000000000000e+06
1.000000000000000000e+06
1.000000000000000000e+06
1.000000000000000000e+06
1.000000000000000000e+06
1.000000000000000000e+06
1.000000000000000000e+06
1.000000000000000000e+06
1.000000000000000000e+06
1.000000000000000000e+06
1.000000000000000000e+06
1.000000000000000000e+06
1.000000000000000000e+06
9.056461147199451225e+05
4.344396927343329880e+05
2.078437878883793892e+05
1.046429663501954783e+05
5.962430867196172767e+04
4.194016315127374401e+04
4.784990240357091534e+04
5.166948606451907835e+04
5.636297173183489213e+04
6.031428130165059702e+04
6.524011463943928538e+04
7.191160231294830737e+04
7.873938187847030349e+04
8.347657951320803841e+04
8.683795246794508421e+04
9.060131255612571840e+04
9.418176541262901446e+04
9.772181136944697937e+04
1.019631165384007036e+05
1.044849401054499904e+05
1.057184596236411453e+05
1.040379117671342246e+05
9.963953746892169875e+04
9.426378313319552399e+04
8.946191342117439490e+04
8.602720216266042553e+04
8.285457702007902844e+04
7.907981486799637787e+04
7.494631202626250160e+04
7.044738363652507542e+04
6.540089153005182015e+04
6.000406311952233955e+04
5.476382940871350002e+04
5.033578827420233574e+04
4.622191313505324797e+04
4.198257864578283625e+04
3.765849819001521973e+04
3.381481081992164400e+04
3.182953500315736164e+04
3.193890078721205282e+04
3.145940210546829985e+04
3.012172318482086484e+04
2.694913011049974739e+04
2.776739126955402025e+04
2.985570358251696234e+04
1.913232091363379368e+04
1.000000000000000000e+06
1.000000000000000000e+06
1.000000000000000000e+06
1.000000000000000000e+06
1.000000000000000000e+06
1.000000000000000000e+06
1.000000000000000000e+06
1.000000000000000000e+06
1.000000000000000000e+06
1.000000000000000000e+06
1.000000000000000000e+06
1.000000000000000000e+06
1.000000000000000000e+06
1.000000000000000000e+06
1.000000000000000000e+06
5.403837411675589392e+05
2.152484607737013721e+05
1.024136234467906907e+05
6.847441749469989736e+04
5.070536629294351587e+04
5.139290842914926907e+04
5.209700771301507484e+04
5.391019741290411912e+04
5.591446400201136566e+04
6.031737620658653032e+04
6.907146970941680775e+04
7.919296832214156166e+04
8.762456434696294309e+04
9.398242575499732629e+04
1.018527743961317465e+05
1.117177486982597620e+05
1.225699403660980606e+05
1.325522171815548500e+05
1.409493819248478103e+05
1.461330824367680470e+05
1.459261165968492860e+05
1.393379435563630250e+05
1.279643079122736235e+05
1.164230799961638695e+05
1.073019582245658821e+05
1.002002828058703308e+05
9.415666891851997934e+04
8.854143538516217086e+04
8.271512559896096354e+04
7.698072619176733133e+04
7.138071530053320748e+04
6.609508863607610692e+04
6.183545080617943313e+04
5.822991578269103047e+04
5.465559656996210106e+04
5.078307033605532342e+04
4.604673598282305466e+04
4.073133478193615156e+04
3.632784247453312855e+04
3.398449417836144858e+04
3.358687030517084349e+04
3.400291725592678267e+04
3.628050899898904754e+04
4.118547952696028369e+04
2.919906052430128329e+04
1.385581419796653390e+08
1.260744273027653433e+07
